%YAML:1.0
---
K: !!opencv-matrix
   rows: 3
   cols: 3
   dt: d
   data: [ 1.4382180749827194e+03, 0., 9.7152746163427696e+02, 0.,
       1.4367159888379267e+03, 5.8118828164621232e+02, 0., 0., 1. ]
D: !!opencv-matrix
   rows: 1
   cols: 5
   dt: d
   data: [ 1.2230913272997351e-01, -1.0362727004218768e-01,
       7.4754497718445816e-03, 1.1768358506292884e-02,
       -6.3270009873691399e-02 ]
